anchor1:
  - [0.0, 0.855, -0.518]
  - [-1.0, 0.0, 0.0]
  - [0.0, 0.518, 0.855]
anchor2: 
  - [0.0, 0.954, 0.3]
  - [-1.0, 0.0, 0.0]
  - [0.0, -0.3, 0.954]
anchor3: 
  - [0.0, -0.33, 0.944]
  - [-1.0, 0.0, 0.0]
  - [0.0, -0.944, -0.33]
anchor4:
  - [0.0, -0.993,-0.12]
  - [-1.0, 0.0, 0.0]
  - [0.0, 0.12,-0.993]
anchor5:
  - [0.0, 0.933, -0.36]
  - [-1.0, 0.0, 0.0]
  - [0.0, 0.36, 0.933]
anchor6: 
  - [0.0, 1.0, 0.0]
  - [-1.0, 0.0, 0.0]
  - [0.0, 0.0, 1.0]
anchor7: 
  - [0.0, -0.98, 0.2]
  - [-1.0, 0.0, 0.0]
  - [0.0, -0.2,-0.98]
anchor8: 
  - [0.0,  -0.944, -0.33]
  - [-1.0, 0.0, 0.0]
  - [0.0, 0.33,  -0.944]
